7:-4541.32
8:-4843.36
9:-4791.97
10:-4760.12
13:-4975.11
16:-4980.87
19:-5005.99
22:-5064.27
24:-4893.66
25:-4824.09
28:-4833.76
29:-4818.68
30:-4737.61
31:-4811.46
34:-4823.66
35:-4809.5
37:-4732.82
40:-4777.97
43:-4751.43
46:-4604.97
49:-4728.14
50:-4448.79
(50, [-4068.28, -3620.76, -4540.97, -4702.36, -4492.43, -5300.95, -4450.52, -4399.63, -5062.47, -4897.05, -4155.9, -4431.21, -4372.56, -4336.56, -5541.11, -4257.09, -4750.69, -4326.95, -4561.15, -4099.47, -4274.16, -4789.41, -4584.8, -4862.97, -4127.47, -4272.18, -4336.53, -3841.31, -4553.22, -5014.98, -4911.49, -4041.81, -4504.0, -4115.66, -4367.43, -4410.34, -3430.41, -3518.71, -4298.75, -5692.0, -4153.2, -4283.22, -4230.18, -5553.68, -4633.32, -3894.25, -4920.71, -4632.32, -4046.58, -3776.09])
-4448.79
