7 -4613.33
8 -4414.75
9 -4821.27
10 -4563.31
13 -4890.12
16 -4802.55
19 -4858.43
22 -4833.21
24 -4652.15
25 -4689.01
28 -4622.11
29 -4598.97
30 -4661.3
31 -4774.7
34 -4567.78
35 -4510.27
37 -4561.25
40 -4444.08
43 -4460.36
46 -4393.77
49 -4364.33
50 -4363.89

(24, [-5203.1, -5573.3, -3086.93, -4832.47, -4127.4, -4565.6, -3001.52, -4897.55, -5477.58, -4556.32, -4489.19, -4790.55, -4982.95, -5764.63, -5003.24, -4789.07, -3271.52, -4304.61, -5553.26, -4869.23, -4866.09, -4141.82, -4616.27, -4887.52])
-4652.15
(31, [-4971.39, -5372.25, -3933.22, -5162.67, -5085.13, -5242.01, -4489.29, -4898.03, -4826.14, -5024.81, -5451.74, -4657.6, -4702.03, -3975.57, -4548.45, -4887.73, -5497.47, -3791.8, -4796.69, -5343.43, -5260.55, -5575.81, -4739.26, -5349.87, -2788.41, -4491.29, -4484.44, -5755.06, -3171.47, -4007.55, -5734.49])
-4774.7
(13, [-5484.64, -4076.2, -5110.07, -5188.01, -5348.22, -4969.66, -5214.43, -5324.11, -5658.87, -2836.54, -2925.05, -5792.46, -5643.26])
-4890.12
(10, [-5042.41, -4719.85, -4680.87, -4780.85, -2956.04, -4805.3, -5276.42, -5261.06, -5189.57, -2920.74])
-4563.31
(7, [-5260.91, -2959.33, -5366.38, -5555.37, -5507.64, -4658.15, -2985.53])
-4613.33
(30, [-5225.34, -5324.44, -5355.56, -4472.04, -5038.19, -5120.41, -4796.37, -4422.71, -5335.62, -2841.19, -5106.92, -4302.79, -4678.16, -5359.68, -3452.33, -4239.64, -3629.73, -4489.23, -4037.54, -4726.14, -5601.03, -4844.52, -4423.49, -4622.76, -4957.28, -4818.68, -5170.18, -4550.35, -4144.14, -4752.67])
-4661.3
(46, [-3575.1, -3585.54, -4646.64, -5057.21, -4251.7, -4498.05, -4451.13, -4508.62, -4767.0, -4740.54, -4139.61, -4921.35, -4448.22, -4509.63, -4233.05, -4280.41, -3010.01, -4023.67, -3945.18, -5313.38, -4257.16, -4271.44, -4332.0, -4205.73, -3431.06, -4986.42, -4480.55, -4050.85, -4351.7, -3658.25, -4449.12, -4233.67, -4541.02, -4368.62, -4747.45, -4874.9, -4398.91, -4555.29, -4012.21, -5019.94, -4847.06, -4557.98, -4886.77, -4256.85, -5638.13, -3794.47])
-4393.77
(8, [-5493.35, -4381.34, -3018.53, -4314.16, -2734.06, -5325.88, -5280.1, -4770.55])
-4414.75
(25, [-5396.71, -4643.43, -5351.3, -3108.97, -4784.95, -5347.5, -2753.56, -5023.67, -5282.08, -4764.13, -4580.75, -4342.79, -4843.69, -5209.67, -4810.3, -4529.56, -4340.33, -5192.93, -4759.42, -3323.87, -4716.95, -4802.67, -4441.42, -5081.43, -5793.18])
-4689.01
(43, [-4699.57, -4371.38, -5111.92, -3862.96, -5407.93, -4129.53, -4661.46, -4165.66, -4049.6, -5541.94, -3861.17, -5270.96, -4605.02, -4414.98, -4188.79, -4689.72, -4153.4, -3752.96, -4437.97, -4731.75, -4573.96, -3097.47, -4742.75, -4516.38, -3500.9, -4486.28, -4789.91, -4633.09, -4505.88, -4442.1, -4592.63, -4978.4, -5161.98, -4838.91, -4535.09, -4048.14, -4010.86, -4336.67, -4979.4, -4104.82, -4847.92, -3879.31, -4083.81])
-4460.36
(37, [-4021.37, -5445.62, -5594.34, -4050.15, -4357.76, -4778.38, -3720.13, -3404.73, -4977.45, -5468.16, -4904.45, -4682.09, -4596.24, -5010.87, -3408.11, -5481.36, -5613.93, -4148.68, -4380.28, -4160.22, -3106.07, -4809.28, -4628.55, -4614.73, -5101.9, -4389.31, -4639.35, -4546.75, -4461.06, -4567.17, -4313.86, -4283.33, -3967.09, -4605.46, -5114.56, -4967.24, -4446.2])
-4561.25
(49, [-4451.0, -4685.66, -4422.05, -3809.01, -4385.29, -4157.22, -3890.47, -4527.51, -5504.53, -3876.88, -4696.54, -3850.13, -3227.63, -4520.12, -4923.86, -5933.68, -4716.66, -3867.57, -3844.78, -4987.4, -3980.0, -4814.71, -4982.65, -4076.36, -4783.45, -4703.74, -4291.34, -4236.39, -4359.5, -4453.63, -4129.18, -4764.71, -3752.29, -4162.22, -4045.35, -3712.94, -4311.97, -5108.26, -4364.95, -4112.61, -4153.32, -3794.76, -4493.41, -3816.55, -4738.63, -3971.82, -4393.63, -4657.92, -4407.96])
-4364.33
(35, [-5612.62, -4507.42, -4807.76, -4621.72, -4159.77, -3118.95, -3992.19, -4412.78, -4038.14, -3994.69, -4984.92, -4378.47, -5228.56, -4174.97, -2888.46, -4666.21, -4838.11, -4560.9, -4132.79, -5078.17, -4732.04, -4647.85, -4642.61, -4359.32, -4829.13, -5024.55, -4256.45, -4558.44, -4630.55, -4234.93, -4256.24, -4686.17, -5522.03, -4684.05, -4597.4])
-4510.27
(28, [-4491.47, -5407.05, -5010.66, -4667.32, -4466.55, -5298.86, -4748.87, -5069.63, -4870.68, -5464.59, -4342.83, -4743.48, -5418.37, -3560.52, -3975.4, -5298.38, -4647.05, -3903.22, -4869.95, -5197.18, -4725.01, -4342.5, -3720.24, -4855.52, -3836.4, -4150.46, -3620.64, -4716.22])
-4622.11
(50, [-4314.11, -3995.04, -4624.5, -5094.92, -4159.46, -4018.23, -3882.46, -4436.79, -4895.84, -4202.48, -4257.04, -4178.6, -5014.58, -3909.01, -5090.59, -3869.12, -5008.11, -4544.67, -3888.57, -3916.76, -4417.54, -5133.2, -4119.14, -3950.11, -5192.03, -4857.24, -4137.32, -4201.27, -4335.57, -4421.96, -5266.86, -4381.89, -3296.56, -4140.19, -4762.24, -4352.58, -4672.91, -3217.02, -4158.16, -4617.17, -3608.17, -4910.67, -4172.24, -4457.76, -4440.12, -4271.4, -4783.6, -4448.21, -4046.04, -4124.33])
-4363.89
(22, [-4869.39, -4893.5, -5130.73, -4887.38, -5127.43, -3364.79, -3001.05, -4909.67, -5295.5, -5527.15, -4505.45, -4595.83, -5525.73, -4492.59, -5867.0, -4026.19, -4479.21, -4761.06, -5115.24, -5460.99, -4691.04, -5803.75])
-4833.21
(29, [-3980.57, -3728.11, -4354.45, -5194.36, -3315.56, -3304.48, -4502.17, -3959.97, -4605.76, -4765.1, -4790.16, -5157.11, -4804.6, -4653.9, -5066.57, -4791.62, -4199.19, -3263.06, -5591.53, -5686.65, -4856.28, -4514.53, -4584.59, -4260.89, -5078.28, -4922.62, -5165.89, -4900.09, -5372.05])
-4598.97
(16, [-4613.79, -5033.62, -4951.97, -5882.12, -5277.15, -4595.86, -4310.2, -2934.76, -2843.5, -4954.57, -4863.12, -5136.66, -5896.73, -5608.66, -4777.31, -5160.82])
-4802.55
(9, [-4858.13, -5498.9, -2758.2, -5397.41, -5400.26, -5137.75, -5674.33, -2879.87, -5786.57])
-4821.27
(40, [-4164.52, -5135.4, -4696.63, -4853.04, -4655.13, -4837.73, -4125.38, -4310.18, -4620.51, -3731.42, -4939.39, -4678.74, -4845.11, -4273.37, -5007.31, -4635.76, -3435.62, -4594.37, -5140.33, -3802.23, -4250.82, -4655.96, -4836.13, -5190.87, -4525.96, -3743.96, -4389.96, -3565.04, -4757.42, -3280.08, -4451.38, -4495.01, -4197.36, -3865.7, -4319.39, -3767.55, -5202.34, -4522.28, -4351.45, -4912.48])
-4444.08
(19, [-4853.59, -4459.67, -5216.34, -4502.62, -5833.98, -5460.08, -4447.53, -4909.69, -5974.5, -3412.78, -2886.71, -5252.71, -5454.93, -4577.13, -5299.02, -4754.87, -5328.94, -4981.11, -4704.03])
-4858.43
(34, [-3930.84, -4512.86, -5730.81, -4238.85, -3511.85, -4367.47, -4784.17, -4997.51, -4496.53, -4008.97, -5216.9, -4855.65, -4233.43, -5364.24, -4626.55, -3126.41, -5614.83, -5258.13, -4323.28, -3637.72, -3343.21, -5507.98, -4557.79, -4304.16, -4496.67, -4732.08, -4612.94, -4913.94, -4808.92, -4750.54, -5467.52, -4493.61, -4268.51, -4209.59])
-4567.78
