(49, [-5668.51, -4032.51, -5314.63, -5023.55, -5765.13, -5199.0, -4917.61, -4737.08, -4924.92, -5414.99, -5352.7, -5810.1, -5453.85, -5125.56, -5620.95, -5160.71, -4534.02, -5436.71, -5081.45, -5719.98, -5059.53, -5258.91, -5012.0, -5073.23, -5384.69, -4719.79, -5909.95, -5481.56, -4714.16, -5492.81, -4573.17, -5158.64, -5614.21, -5106.42, -5130.17, -5247.09, -5653.59, -5304.52, -4957.58, -4904.3, -5676.39, -5615.17, -5016.81, -5330.23, -5250.73, -4770.78, -5470.61, -5107.96, -5127.79])
-5212.59
(34, [-3935.78, -5279.26, -4916.29, -4772.96, -4825.41, -5208.53, -4874.87, -4878.7, -4393.75, -5076.48, -5585.45, -5060.55, -5427.01, -5023.45, -5423.7, -4957.96, -4726.06, -5002.74, -5760.32, -5284.61, -4892.77, -5486.52, -5164.01, -5442.67, -5586.26, -6042.21, -5048.37, -5050.11, -5298.64, -5542.32, -4933.93, -4972.53, -5500.35, -5181.82])
-5134.01
(31, [-3973.2, -5030.86, -5423.94, -4759.62, -5286.4, -4862.12, -5095.28, -5442.43, -5267.26, -4852.55, -4974.99, -4801.3, -4912.77, -5443.06, -4980.51, -5154.32, -5352.36, -5464.75, -5105.88, -5959.5, -5062.37, -5347.88, -5706.96, -5219.95, -5180.65, -5308.85, -5758.64, -5380.21, -5425.66, -5219.0, -5544.36])
-5203.15
(40, [-3904.31, -3958.28, -5256.24, -5259.94, -5661.35, -5268.01, -5268.93, -5198.6, -5820.59, -5029.73, -5415.75, -5119.36, -5417.2, -5216.21, -5017.78, -5261.58, -5149.58, -5201.1, -4849.88, -5499.62, -5632.45, -5472.9, -5317.98, -5261.98, -4731.56, -4705.13, -5857.57, -4887.02, -4784.79, -5123.4, -4880.23, -5000.95, -5157.53, -4890.5, -5119.17, -4858.48, -5160.04, -5402.28, -5334.01, -5529.59])
-5147.04
(22, [-5157.86, -4344.95, -5641.24, -5104.15, -4944.38, -4845.17, -5973.97, -5384.16, -4995.81, -4998.68, -4983.35, -4919.3, -4172.72, -5202.27, -4769.76, -5265.6, -4607.87, -5348.38, -4998.93, -5772.29, -4868.98, -4648.86])
-5043.12
(37, [-4102.98, -5566.01, -5168.06, -5589.6, -4606.85, -4883.37, -5340.11, -5423.97, -5103.65, -5316.27, -5203.5, -4785.5, -5710.82, -5381.09, -6090.27, -4555.32, -5209.58, -4888.01, -4918.86, -5234.21, -4460.11, -4874.49, -4888.16, -5540.37, -5021.89, -4983.51, -4907.64, -5395.96, -5594.97, -4864.28, -4905.82, -5449.78, -5275.04, -5507.0, -4990.53, -5003.98, -5009.17])
-5128.40
(13, [-4663.6, -5148.56, -5116.47, -5464.23, -5295.63, -5103.55, -5411.21, -5582.71, -5272.44, -4931.0, -5446.5, -5005.38, -4176.53])
-5124.44
(46, [-4927.23, -4030.18, -5223.56, -5277.13, -5021.99, -5125.84, -5428.86, -5149.44, -5323.37, -5367.12, -4825.13, -5649.46, -5198.26, -5037.85, -5101.02, -5715.76, -5018.17, -5063.69, -5271.65, -5382.79, -5771.87, -5621.02, -5015.48, -5640.57, -4978.09, -5446.79, -5083.76, -5534.15, -5001.01, -5506.44, -4424.19, -4773.88, -5566.1, -5437.93, -5101.77, -5039.64, -5002.42, -5964.48, -5245.49, -4992.03, -4781.78, -5478.77, -5684.51, -5697.33, -5652.92, -4587.35])
-5221.05
(43, [-5148.12, -3925.48, -5147.15, -4954.97, -4663.29, -5484.68, -5508.36, -5248.61, -4957.95, -5193.9, -5617.23, -4765.04, -5182.4, -5256.55, -4945.48, -5379.49, -5437.54, -5096.59, -5079.49, -5013.07, -5281.01, -4964.96, -5738.2, -5336.24, -4916.33, -4882.53, -5465.18, -5135.01, -5036.45, -5014.63, -4897.54, -5184.69, -5237.22, -5200.44, -4823.24, -5792.28, -5154.8, -5844.09, -5183.42, -5422.08, -4471.77, -5328.98, -5604.76])
-5160.96
(19, [-5424.9, -4938.73, -5661.0, -5141.07, -5387.02, -2953.06, -5578.57, -5593.65, -5129.93, -4845.9, -5399.54, -5097.5, -4922.45, -5665.96, -5427.79, -5130.29, -5082.65, -4931.89, -5514.13])
-5148.74
(25, [-5324.1, -4215.27, -5747.25, -4520.24, -5402.09, -5134.86, -5126.37, -4737.4, -5280.56, -5821.72, -5063.74, -5571.17, -5030.57, -5724.04, -4870.29, -5317.65, -5202.08, -5374.99, -5079.5, -4900.76, -4973.16, -4996.62, -5207.8, -4883.19, -4906.4])
-5136.47
(28, [-3491.57, -4967.47, -5465.68, -5087.31, -5152.54, -5239.71, -5498.25, -5475.98, -5041.42, -4590.03, -5409.1, -5006.96, -5074.42, -5072.56, -5388.85, -5033.29, -5392.55, -4965.93, -5929.02, -5552.06, -4938.7, -4607.63, -5127.34, -5819.02, -4799.96, -4807.35, -5120.09, -4925.73])
-5106.45
(10, [-4944.49, -4229.15, -5759.55, -4829.49, -4640.25, -5121.92, -5576.93, -5385.53, -5378.11, -5220.9])
-5108.63
(16, [-5693.12, -4975.21, -4202.55, -4976.58, -4590.55, -5320.02, -5518.61, -5026.19, -5124.93, -5435.91, -5236.03, -4286.55, -5429.62, -5279.89, -5350.4, -4880.86])
-5082.94
(41, [-5118.52, -4110.21, -5025.88, -4609.53, -5708.83, -4936.75, -5115.93, -5015.2, -5291.65, -5465.81, -5024.78, -4902.68, -4833.55, -5242.3, -5223.54, -4997.49, -5159.48, -5630.02, -5083.29, -5770.81, -5656.72, -5020.47, -5857.63, -5150.16, -5574.15, -4886.72, -5424.61, -5212.0, -5448.67, -5338.48, -5159.19, -5204.72, -4841.92, -5150.69, -5571.11, -5155.49, -5176.04, -4185.42, -4892.7, -4393.85, -5046.72])
-5136.92
(44, [-4651.93, -5562.18, -4899.05, -5091.03, -4998.01, -5539.54, -5441.36, -5233.32, -5132.04, -5070.14, -5297.49, -5670.92, -4966.27, -5069.37, -5518.95, -5392.63, -5604.54, -5410.95, -5434.45, -5061.07, -5285.11, -5061.02, -4815.18, -5173.74, -4142.99, -5296.52, -5786.16, -5048.38, -5313.95, -4752.35, -5478.21, -4970.43, -5054.71, -5291.67, -4997.54, -5165.88, -5799.57, -5236.74, -5254.9, -5081.22, -5243.94, -3947.79, -5646.01, -5756.26])
-5196.49
(47, [-5861.7, -3959.48, -5743.04, -4739.21, -5533.69, -4906.75, -5283.55, -5336.33, -4949.25, -4092.7, -4625.48, -4866.37, -5345.86, -5040.07, -5507.11, -5929.41, -4749.78, -5749.06, -5391.31, -4823.68, -5891.95, -5148.01, -4520.3, -5545.16, -5119.32, -5168.83, -4907.01, -5558.32, -5336.66, -5132.94, -5725.05, -5237.08, -5694.68, -5112.14, -4961.38, -5088.26, -5861.79, -5273.86, -5053.84, -5260.34, -5224.09, -4789.21, -5483.5, -5035.34, -5342.85, -5744.95, -5138.65])
-5208.28
(50, [-4860.53, -5312.93, -5087.01, -5194.67, -4165.46, -4877.29, -5480.13, -5250.84, -5434.67, -5236.33, -5511.48, -5022.36, -4901.15, -5304.02, -4825.46, -4742.81, -4811.41, -5539.61, -5325.45, -5468.63, -5161.01, -4977.4, -5076.95, -5040.49, -5096.98, -5146.78, -5242.38, -4469.51, -5599.99, -5083.3, -4851.43, -4004.84, -5792.9, -5545.08, -5398.71, -5432.25, -5835.84, -5130.64, -5235.23, -5306.41, -5338.0, -5715.43, -5567.56, -5964.96, -5155.31, -4898.6, -5603.37, -5084.94, -5208.96, -5260.12])
-5191.55
(35, [-5193.76, -6026.51, -5169.96, -5134.58, -5246.54, -5017.29, -4842.31, -5561.48, -5084.25, -5816.22, -5316.3, -5211.62, -5720.21, -5145.71, -5212.89, -5289.2, -4618.83, -5710.95, -4893.41, -5631.39, -5163.77, -4808.68, -4804.68, -5372.14, -5515.56, -5056.76, -5250.87, -4941.35, -4866.4, -5122.62, -5463.19, -4889.95, -5601.31, -3979.16, -4457.9])
-5175.36
(45, [-5132.23, -5912.05, -5713.62, -5373.02, -5474.68, -5237.73, -5147.11, -5165.31, -4494.58, -5354.33, -5826.27, -4717.97, -5023.36, -5153.28, -5247.28, -5507.51, -5630.22, -5297.62, -5129.56, -5304.46, -5084.64, -4875.06, -5017.21, -5131.8, -4920.7, -5441.63, -5347.46, -5864.14, -4866.81, -3936.96, -5316.61, -5727.67, -5255.28, -5124.84, -4943.22, -5278.62, -5078.96, -5070.54, -4959.93, -5156.43, -4872.58, -5681.65, -5282.78, -5546.23, -4786.01])
-5209.11
(29, [-4301.66, -4823.05, -5689.93, -5334.63, -4813.02, -5055.34, -4751.62, -5577.26, -5104.75, -5241.63, -5003.81, -4801.47, -5719.93, -5295.06, -5068.85, -5334.54, -5122.12, -5327.27, -5343.15, -5213.07, -4925.46, -5718.7, -4099.33, -5864.17, -5062.82, -5110.24, -4866.85, -5181.54, -5158.6])
-5134.82
(30, [-4972.32, -5080.74, -5170.57, -5411.15, -6064.07, -5313.3, -4409.75, -5384.93, -5201.24, -5324.98, -4823.39, -5082.81, -5642.9, -5684.87, -5090.05, -4853.56, -5218.07, -5282.34, -5144.45, -5064.28, -5357.06, -6094.29, -4745.16, -4850.25, -4939.39, -5637.0, -5515.35, -4904.28, -5298.05, -5160.88])
-5224.05
(24, [-3977.43, -5698.09, -5026.43, -4927.61, -5045.16, -5143.55, -5101.24, -4965.93, -5208.58, -4861.78, -4738.71, -5304.94, -4958.22, -6012.45, -4958.47, -5123.31, -5201.92, -5262.92, -5476.66, -5305.06, -5229.68, -5068.77, -5235.61, -5150.24])
-5124.28
(7, [-4981.04, -5124.48, -5167.36, -5620.54, -4669.78, -4949.24, -5125.6])
-5091.15
(8, [-4973.48, -4712.31, -4725.32, -4695.53, -5164.7, -5641.75, -5464.3, -5354.74])
-5091.52
(9, [-5283.14, -5288.44, -5440.87, -5630.3, -4814.37, -5364.45, -4895.88, -5050.1, -4854.25])
-5180.2
