(10, [-4492.9, -5321.0, -4513.49, -5028.33, -5139.93, -4699.48, -4125.84, -4163.16, -4353.83, -5347.5])
-4718.55
(13, [-4918.38, -4989.54, -4727.2, -3829.96, -4306.54, -4465.81, -4861.01, -5423.46, -3892.12, -4970.35, -4170.41, -3872.15, -5197.91])
-4586.53
(16, [-4930.8, -5333.7, -5008.21, -5128.2, -4789.13, -4380.63, -4875.36, -4165.72, -4074.31, -3955.51, -4555.23, -4602.95, -4319.33, -3794.22, -5212.44, -3983.91])
-4569.35
(19, [-4750.78, -4960.22, -4004.3, -4369.04, -4330.0, -5030.85, -5300.21, -4708.8, -4258.72, -4281.13, -4577.9, -4339.97, -4807.99, -3975.4, -5008.21, -3743.41, -5328.85, -4943.74, -4311.36])
-4580.57
(22, [-4438.26, -5093.86, -3768.16, -4436.23, -4342.7, -4158.29, -5077.72, -5245.51, -4593.45, -4637.82, -4932.74, -4523.75, -5273.56, -4568.14, -4761.27, -4498.09, -4201.41, -4634.77, -4413.01, -4841.17, -4406.77, -4827.19])
-4621.54
(24, [-4628.02, -4940.57, -4307.99, -4607.06, -4292.87, -3751.83, -3929.96, -4614.8, -3789.26, -5026.91, -4702.76, -4824.23, -5020.71, -4529.99, -4485.31, -5159.36, -5218.96, -3706.41, -4237.05, -4851.24, -4649.3, -3965.29, -4907.3, -4610.63])
-4531.58
(25, [-3588.42, -4607.41, -4191.86, -4435.13, -4314.37, -4020.65, -5096.92, -4239.9, -4674.14, -5140.77, -3878.1, -4004.09, -4414.83, -4663.38, -4985.41, -4184.88, -5113.15, -5149.49, -4522.19, -4183.44, -4663.56, -4308.75, -4982.54, -4553.89, -4161.61])
-4483.16
(28, [-5039.0, -4449.59, -3866.25, -4437.03, -4653.24, -4467.61, -4490.03, -4148.33, -5084.58, -4046.14, -4308.09, -4767.49, -5312.93, -4437.17, -4884.65, -5032.24, -4906.09, -4776.34, -4171.37, -3929.41, -5145.5, -4626.48, -4831.88, -3742.26, -4942.75, -5042.31, -4528.64, -4883.4])
-4605.39
(29, [-4719.61, -5056.91, -4775.36, -5298.39, -5015.68, -4751.79, -4197.63, -4095.6, -4894.46, -4597.43, -4621.98, -3864.58, -4777.82, -4360.47, -4751.57, -3955.62, -4755.1, -5581.1, -4032.27, -4206.56, -4993.35, -4569.69, -5034.08, -4534.18, -4502.5, -3920.27, -4203.54, -4503.01, -4677.23])
-4594.75
(30, [-5025.36, -4957.77, -4425.39, -5194.82, -4423.46, -4634.81, -4071.4, -4773.28, -4747.44, -4870.15, -3983.16, -4831.14, -4285.04, -4244.77, -4212.38, -4951.11, -3767.64, -4118.8, -5063.2, -5149.42, -4324.86, -4577.51, -3837.01, -4113.35, -4975.41, -4542.47, -4822.99, -5187.41, -4302.91, -4110.45])
-4550.83
(31, [-4652.88, -4277.29, -3829.57, -4723.04, -5293.56, -4581.01, -4754.41, -4655.87, -5083.53, -4259.02, -4743.52, -4984.05, -5023.45, -4907.91, -3826.63, -4510.19, -4221.61, -4456.85, -5097.88, -4821.26, -4125.45, -4903.23, -5157.28, -3821.17, -4484.21, -4218.33, -4811.14, -5089.86, -3950.96, -4251.15, -4577.36])
-4583.67
(34, [-4952.46, -4246.28, -5214.03, -4382.57, -4250.73, -4866.69, -4148.36, -4218.03, -4442.94, -4175.62, -4192.18, -3895.84, -4279.34, -4038.26, -3802.05, -4207.14, -4496.67, -4750.03, -4846.99, -4284.05, -5317.79, -4692.06, -4974.01, -4704.41, -5068.64, -4725.77, -4359.16, -4973.45, -5035.72, -4899.38, -4857.92, -3932.94, -4781.0, -4653.67])
-4549.01
(35, [-4248.34, -4563.18, -4967.62, -4612.97, -4573.68, -4903.65, -4798.93, -4908.92, -4609.57, -4585.52, -4340.75, -4288.65, -5066.61, -5115.05, -4540.55, -4552.32, -4108.23, -4044.96, -4456.18, -4141.63, -4355.69, -4489.06, -4014.37, -5213.78, -4173.67, -4749.18, -4735.76, -4228.76, -4679.08, -4974.98, -5175.09, -4930.22, -4156.03, -4515.14, -4387.72])
-4577.31
(37, [-4583.23, -4010.19, -4273.76, -4289.84, -4331.77, -4207.65, -4750.98, -3932.65, -5395.03, -4111.18, -4474.77, -4492.43, -3969.82, -4599.88, -4808.62, -4150.5, -5126.05, -4733.07, -5084.51, -4633.74, -5016.51, -4673.52, -4436.03, -4782.55, -4631.43, -4929.5, -3986.0, -4690.86, -4613.38, -4926.43, -4719.44, -4540.33, -4134.44, -5176.61, -4642.67, -4494.95, -4880.8])
-4573.92
(40, [-4340.49, -4975.97, -4188.43, -5022.83, -4379.9, -4818.36, -4480.37, -3823.27, -5177.69, -4656.54, -4064.82, -4056.46, -3951.07, -4117.47, -5269.06, -4734.48, -4205.22, -4400.12, -4749.15, -3977.66, -4556.02, -4362.07, -4973.67, -4338.67, -4281.14, -4304.47, -4758.77, -4509.55, -4573.58, -4515.17, -4685.01, -5424.54, -4887.17, -4194.06, -4403.7, -4782.86, -3970.79, -4379.17, -4574.35, -4710.89])
-4514.38
(43, [-4210.66, -4224.37, -4695.14, -4724.3, -4263.04, -4931.54, -5381.56, -4300.85, -4022.86, -5173.38, -3972.56, -4331.88, -5064.04, -4034.42, -4614.76, -4575.78, -4316.05, -3938.31, -4792.69, -4081.99, -4262.06, -5201.54, -4901.62, -4642.77, -4414.21, -4298.66, -4445.71, -5573.53, -4202.92, -4452.47, -4642.46, -4561.83, -4427.18, -4136.59, -3914.22, -4504.08, -4921.78, -3949.57, -4765.3, -4358.06, -4931.95, -4140.35, -4722.87])
-4512.14
(46, [-4728.53, -3988.81, -4367.06, -4170.46, -4361.35, -4406.44, -4749.39, -4319.02, -3905.44, -5020.33, -4419.8, -4509.08, -4653.06, -4241.32, -4540.25, -4552.03, -5155.19, -4059.79, -4137.75, -4841.23, -5015.54, -4233.07, -4444.48, -4188.57, -4498.81, -4474.19, -4980.46, -4120.59, -4477.86, -4610.89, -4640.59, -4589.26, -4735.35, -3872.25, -3619.82, -3802.56, -4119.08, -4688.65, -4311.18, -4461.63, -4355.23, -4741.54, -4488.69, -5320.05, -5504.84, -3816.73])
-4461.7
(49, [-5210.25, -4429.65, -4340.46, -4421.44, -4269.75, -4859.58, -5030.85, -4378.83, -3890.65, -4842.23, -4740.78, -4778.37, -4645.55, -4476.64, -4487.44, -3901.76, -4703.81, -4253.54, -4614.5, -4459.28, -4702.19, -4314.28, -3364.33, -4478.33, -4918.23, -4200.36, -4846.26, -4335.41, -4665.98, -4550.08, -4076.27, -5149.25, -4634.54, -5316.96, -4290.51, -4303.21, -4037.43, -4694.24, -5063.43, -3901.63, -4628.08, -3885.61, -4182.33, -4306.66, -4665.34, -4409.75, -4273.16, -3803.73, -4065.76])
-4465.28
(50, [-4358.62, -4913.18, -4684.43, -5093.07, -4061.09, -4271.34, -3872.63, -4863.1, -4385.58, -4973.62, -4800.64, -4295.49, -4429.48, -4037.72, -4965.67, -3900.83, -4628.22, -4063.26, -4140.46, -3938.15, -4595.99, -3849.04, -4672.57, -4195.42, -4677.58, -5080.75, -4768.26, -4496.77, -4918.73, -4778.48, -5814.78, -3957.05, -4893.45, -4324.82, -4198.3, -4379.03, -4047.87, -4703.25, -4473.11, -4240.68, -4785.82, -5198.17, -4845.58, -4898.33, -4946.63, -4307.38, -3815.74, -3964.81, -4527.9, -5235.36])
-4525.36
(7, [-4137.35, -4844.84, -4903.18, -3917.65, -5759.37, -5083.47, -4492.89])
-4734.11
(8, [-4568.28, -4256.59, -4320.09, -4616.84, -4157.17, -4623.33, -5525.88, -4738.61])
-4600.85
(9, [-5293.03, -4792.8, -4453.37, -4257.47, -5044.92, -4614.14, -5572.66, -3683.78, -4409.19])
-4680.15
