(10, [-4740.19, -5893.87, -5266.25, -5683.82, -6009.32, -4983.21, -4897.7, -5379.85, -3995.52, -3729.61])
-5057.93
(13, [-4775.49, -4683.26, -5726.97, -4837.02, -3801.73, -6054.56, -5624.44, -3861.18, -5036.87, -6050.35, -5866.25, -4762.73, -5424.96])
-5115.83
(16, [-5721.81, -4977.73, -4776.25, -4616.18, -5790.43, -5397.61, -4733.39, -5990.71, -6067.31, -4470.17, -3861.26, -4836.63, -3735.61, -3857.65, -5614.35, -5023.58])
-4966.92
(19, [-3924.67, -4664.72, -5544.75, -4236.01, -3779.79, -4728.71, -4902.06, -5655.07, -5530.85, -5745.32, -5743.45, -6125.11, -5806.55, -4652.04, -4975.42, -4819.1, -6148.26, -4616.25, -4915.58])
-5079.67
(22, [-5554.57, -4992.84, -6023.91, -3715.25, -4980.41, -5938.6, -5934.62, -4036.14, -5367.09, -4494.43, -3667.62, -4923.27, -5333.06, -5016.67, -6322.07, -4853.9, -5554.9, -5981.37, -4755.93, -5124.47, -4914.98, -6028.7])
-5159.76
(24, [-5342.52, -5411.75, -5568.84, -5304.48, -4219.52, -4693.12, -5719.74, -5939.6, -5749.65, -4918.08, -3958.79, -3755.85, -5208.11, -5524.91, -4642.78, -5880.41, -4598.91, -4761.1, -5725.26, -3635.13, -5210.65, -6053.56, -5172.59, -5357.75])
-5098.05
(25, [-4192.11, -5913.54, -5555.76, -5144.24, -5670.71, -4198.15, -5445.01, -6123.14, -4315.36, -5330.26, -4963.12, -5487.19, -5128.29, -5769.63, -4768.87, -4916.03, -4773.32, -5201.13, -3780.49, -5717.16, -4730.27, -3850.45, -4561.02, -4811.56, -5112.77])
-5018.38
(28, [-5983.81, -5012.58, -5420.84, -4975.73, -5220.73, -5151.43, -6012.28, -4719.22, -3954.11, -5027.86, -5869.04, -4977.6, -5203.18, -5378.61, -5955.02, -5748.3, -5225.02, -4833.84, -3712.17, -5009.18, -4157.55, -4371.6, -5281.29, -5739.62, -5154.0, -5385.0, -5776.64, -5148.21])
-5157.3
(29, [-4844.04, -6114.99, -5596.92, -5364.36, -5809.56, -4740.56, -4993.28, -5225.5, -5444.18, -4407.83, -4202.4, -5070.76, -4063.3, -4560.97, -4336.72, -5158.84, -3810.4, -4724.55, -6019.93, -5781.02, -4529.89, -4530.4, -5258.53, -4320.99, -5840.99, -5268.95, -5000.38, -4724.89, -4393.76])
-4970.31
(30, [-5165.96, -4656.57, -5471.45, -4333.33, -5051.99, -4234.8, -4480.28, -4564.36, -5691.26, -4456.25, -5598.12, -3896.76, -5408.44, -5258.86, -5042.75, -4328.14, -5366.04, -5772.93, -5800.65, -6059.81, -5420.75, -5901.59, -4541.54, -5120.83, -4707.06, -3945.86, -5203.86, -5007.13, -5372.57, -5862.67])
-5057.42
(31, [-4916.98, -4305.67, -5417.28, -5419.11, -4739.26, -5045.87, -4641.17, -4764.42, -5203.57, -4555.21, -5043.15, -5093.4, -4325.38, -5145.69, -5742.36, -4969.24, -4124.48, -4673.84, -4918.76, -4609.17, -6011.1, -5818.91, -4852.42, -4608.15, -3893.68, -4740.52, -4825.38, -3988.07, -5262.38, -5257.34, -5267.75])
-4909.02
(34, [-4882.13, -5441.02, -4027.4, -5003.99, -4531.02, -5314.05, -5071.08, -4661.52, -4752.59, -4832.05, -4940.7, -5596.34, -5313.1, -5492.86, -5262.84, -4364.61, -5373.93, -3850.02, -4288.39, -4954.15, -4815.53, -5679.14, -6053.83, -5916.54, -4493.21, -5414.58, -4504.8, -3741.64, -4186.33, -3694.58, -5637.23, -5806.5, -5538.16, -4252.84])
-4932.02
(35, [-5089.18, -3868.41, -4941.31, -5141.26, -5322.89, -5218.66, -4821.94, -4790.21, -5209.28, -6039.89, -5277.03, -4461.13, -4817.58, -4940.47, -4272.39, -4435.67, -4992.96, -4974.87, -5233.95, -4930.67, -5347.27, -6306.79, -4258.18, -5195.0, -4484.34, -5993.52, -4644.55, -4384.11, -5126.46, -5558.0, -5986.34, -5188.86, -5367.61, -5086.79, -4530.65])
-5035.38
(37, [-4802.88, -4720.32, -4900.33, -5541.27, -3882.82, -4371.68, -5095.59, -6057.54, -4861.27, -5183.7, -4686.92, -5710.6, -5126.9, -5363.6, -4528.53, -5212.29, -4781.09, -4892.95, -5557.57, -4236.5, -4203.12, -5581.61, -6233.48, -5906.33, -4585.91, -5070.13, -5470.4, -5193.86, -4890.51, -5068.81, -5033.76, -5317.57, -4017.76, -5047.81, -5349.13, -4795.48, -5327.43])
-5043.44
(40, [-6045.45, -4738.95, -5807.34, -5132.55, -5205.45, -4076.91, -6043.61, -4272.32, -5423.55, -4589.6, -4953.01, -4836.2, -5630.31, -4182.74, -4915.43, -5156.55, -5037.62, -5082.99, -5027.07, -5209.32, -5535.6, -4479.81, -5768.13, -5039.74, -6216.16, -5454.2, -5356.78, -4693.44, -4734.9, -4257.12, -4452.49, -5075.85, -4803.18, -4893.22, -5491.16, -5100.09, -4927.12, -4866.5, -3916.16, -4918.01])
-5033.67
(43, [-5287.63, -4485.81, -3914.88, -5495.62, -5400.28, -5200.2, -4762.11, -4705.37, -5134.13, -3891.7, -5011.04, -5000.19, -4530.16, -4420.03, -5696.75, -5090.09, -5127.14, -4748.22, -5088.46, -5964.32, -4484.19, -5412.01, -4333.46, -4391.03, -5062.91, -4866.36, -5524.64, -5430.67, -4854.08, -4570.77, -4351.02, -4431.33, -5556.95, -5414.81, -4453.26, -4718.61, -4635.76, -5055.44, -4490.48, -4304.49, -4819.16, -4917.74, -4419.93])
-4871.01
(46, [-4926.28, -3853.24, -4903.95, -5590.61, -5007.01, -4958.06, -5446.7, -4494.87, -4921.48, -5112.06, -4625.07, -5026.92, -5577.79, -4598.77, -4859.31, -4300.38, -5218.73, -4612.94, -4886.61, -4358.01, -5390.91, -5537.68, -4680.45, -4983.43, -4970.17, -5244.35, -3937.99, -4869.51, -4944.45, -5109.05, -5005.86, -4614.94, -5215.57, -4631.55, -5021.71, -4808.43, -4874.29, -5321.62, -4762.99, -4984.71, -5058.56, -4878.25, -4995.63, -5656.26, -4588.77, -5201.0])
-4925.37
(49, [-4799.36, -5334.93, -5143.22, -4548.32, -4793.75, -4360.84, -4876.31, -5914.19, -4415.27, -5255.29, -4887.6, -4286.9, -5406.8, -5408.26, -4995.33, -4822.26, -5251.27, -6100.37, -4602.87, -5008.14, -3811.12, -5160.26, -5449.72, -4363.41, -4240.4, -4902.5, -4894.43, -4392.68, -4640.47, -4427.43, -4828.85, -4685.79, -6007.25, -5458.04, -4808.01, -5349.18, -5120.08, -4198.4, -4842.2, -4653.9, -5046.46, -4515.4, -4855.58, -4440.6, -4391.27, -5095.21, -4605.72, -5035.71, -5078.45])
-4887.96
(50, [-5207.89, -4003.64, -4881.64, -4429.77, -4413.62, -5080.06, -4638.18, -4499.19, -4642.35, -5111.52, -5553.23, -4917.95, -4608.59, -4063.73, -5621.51, -5049.35, -4850.23, -4909.79, -5010.53, -5070.12, -4423.18, -4370.48, -4785.57, -4386.24, -5312.53, -4133.76, -4616.76, -4122.22, -5331.07, -5503.3, -5006.4, -4461.65, -6050.18, -5997.42, -3873.83, -5108.18, -5036.45, -4869.15, -5084.78, -5342.08, -5360.15, -4489.14, -4641.15, -4945.41, -4600.95, -4609.74, -4266.06, -4949.73, -4737.32, -4829.36])
-4836.14
(7, [-4472.66, -4408.47, -5527.67, -4597.04, -3840.68, -3813.27, -4571.29])
-4461.58
(8, [-3782.54, -4412.34, -5008.39, -5817.44, -5256.77, -5943.12, -4986.41, -4196.79])
-4925.47
(9, [-5081.9, -4057.88, -6046.47, -5101.03, -4509.54, -4666.96, -5034.43, -3745.52, -4646.87])
-4765.62
