(24, [-5199.74, -4643.68, -5832.16, -3640.78, -5431.52, -5643.73, -5312.94, -4937.19, -4854.39, -5383.63, -4823.17, -5012.48, -5264.97, -5839.63, -3150.97, -5592.42, -4751.24, -4927.31, -5111.58, -5030.84, -5132.35, -5399.91, -5010.91, -4816.43])
-5031.0
(31, [-2951.48, -4707.19, -5581.28, -5125.56, -4987.32, -4795.59, -4818.22, -5327.25, -5140.01, -5486.81, -4041.97, -5119.14, -5338.3, -4883.02, -4754.93, -5363.51, -4888.18, -5269.61, -5218.0, -5891.8, -5253.54, -5557.83, -5362.17, -5183.61, -5095.75, -4776.19, -5165.07, -5651.82, -5293.18, -4998.69, -4713.91])
-5056.16
(13, [-5869.17, -5144.27, -4436.09, -4098.87, -5447.21, -5138.86, -5190.22, -4914.94, -5119.81, -5299.62, -5606.08, -4717.54, -4913.47])
-5068.93
(10, [-3385.52, -4980.39, -5484.96, -4661.61, -5087.33, -5680.27, -5513.96, -5090.48, -5137.96, -5383.9])
-5040.64
(7, [-4973.67, -5633.28, -5285.41, -5336.47, -5079.32, -5112.63, -5273.9])
-5242.1
(30, [-5237.23, -2710.33, -4907.21, -5102.35, -3728.01, -5172.55, -5046.9, -5376.16, -5040.86, -5571.82, -5448.09, -4557.61, -5596.26, -5198.92, -4907.83, -5185.83, -4922.44, -4673.07, -4986.43, -5480.49, -4824.8, -5250.02, -5037.56, -5117.53, -4978.1, -5028.69, -5307.87, -4786.64, -5792.2, -5458.56])
-5014.41
(46, [-5309.76, -2968.84, -5287.67, -5331.55, -5348.14, -5064.56, -5185.44, -5219.42, -3353.16, -4880.35, -4913.93, -5266.46, -5163.34, -5716.73, -5596.78, -4908.27, -5843.67, -5356.25, -5465.73, -5026.94, -5244.8, -5242.28, -5716.97, -5202.93, -5537.0, -4798.44, -5340.0, -4961.66, -5100.72, -3369.94, -5183.67, -4968.36, -4928.08, -4977.28, -5005.53, -5262.88, -5056.58, -5053.46, -5321.1, -5405.21, -5208.9, -4821.63, -5824.6, -4881.86, -4938.0, -5416.14])
-5086.41
(8, [-5415.49, -5152.68, -5475.84, -4033.58, -4835.2, -5874.94, -4995.69, -4769.96])
-5069.17
(25, [-2811.78, -5705.11, -5852.74, -5150.83, -4912.18, -4289.58, -5152.28, -5305.65, -4977.26, -5121.43, -5224.05, -5356.04, -5187.28, -5433.97, -4622.73, -5135.85, -5224.54, -5225.02, -4908.22, -5217.4, -4820.35, -5034.7, -5162.38, -5527.39, -4954.36])
-5052.52
(43, [-5723.55, -3267.7, -5062.23, -5120.21, -5251.17, -5336.17, -4728.39, -5267.02, -5088.5, -5013.67, -4801.01, -4737.17, -5168.27, -5008.45, -4675.48, -5173.75, -5422.74, -5317.92, -5162.01, -5087.24, -5550.87, -6211.18, -5035.68, -5468.18, -5278.9, -5073.85, -5489.71, -5042.25, -5720.93, -5110.48, -2954.23, -5156.5, -4589.35, -5162.99, -5141.08, -5092.22, -5065.66, -5508.02, -5100.95, -4707.93, -4838.01, -4650.11, -5111.74])
-5057.52
(37, [-5934.5, -4804.81, -4997.26, -5067.36, -4988.5, -5325.03, -5488.15, -5515.85, -5577.32, -2830.28, -5274.84, -4740.06, -5674.92, -5158.72, -5080.45, -5381.27, -5868.82, -5035.77, -5243.32, -4893.81, -5170.88, -4458.69, -3355.58, -4763.19, -4742.11, -5566.49, -5182.19, -4939.79, -4793.31, -5228.64, -5103.53, -5098.3, -4673.83, -5410.73, -5492.85, -5680.47, -4881.31])
-5065.48
(49, [-2762.39, -5395.05, -4548.53, -5271.65, -5409.95, -5042.32, -5336.6, -4192.67, -5455.47, -4904.15, -5497.11, -5026.96, -5266.4, -4949.7, -5481.71, -5222.08, -5120.17, -5093.29, -5225.37, -5539.19, -5098.96, -4711.97, -4764.0, -5223.03, -5211.1, -5201.0, -4951.51, -4833.04, -5327.15, -5070.57, -5150.27, -5224.21, -5277.96, -5276.27, -5174.38, -4868.99, -4907.33, -4972.49, -4347.07, -5614.69, -5167.34, -5176.34, -5530.24, -5481.53, -4861.87, -5147.69, -3109.75, -5183.49, -5603.59])
-5045.07
(35, [-3842.54, -4387.58, -5093.97, -4805.48, -4959.85, -5163.91, -5004.96, -5277.03, -5169.1, -5319.95, -5323.01, -4978.82, -2719.6, -4899.4, -4984.47, -5596.46, -5505.32, -5462.76, -4788.73, -4854.46, -5434.99, -4706.95, -5513.8, -5597.31, -5169.21, -4831.29, -5328.69, -5220.0, -5448.66, -5297.7, -5268.71, -5031.79, -5183.83, -4831.1, -5385.3])
-5039.62
(28, [-4189.12, -5073.95, -4746.84, -5050.81, -5257.5, -2812.25, -5533.48, -4806.0, -5108.97, -5105.85, -4983.36, -5491.53, -5231.14, -4911.47, -5033.81, -5889.37, -4454.59, -5006.86, -5294.43, -5650.56, -5029.93, -5196.76, -5538.76, -4957.37, -4617.3, -5035.25, -4656.79, -5371.25])
-5001.26
(50, [-5362.03, -4233.01, -5396.68, -5359.29, -4664.78, -5219.84, -5125.19, -5669.13, -5219.38, -5709.89, -5160.11, -5487.1, -5418.37, -5288.37, -5531.97, -5097.37, -4917.7, -5126.64, -5122.8, -4944.91, -5099.93, -5236.85, -5218.81, -5208.65, -5616.78, -4700.96, -5570.44, -5633.3, -5059.27, -5221.75, -5348.16, -5597.08, -5559.45, -4955.41, -5055.38, -5421.07, -4548.57, -4685.71, -4625.68, -5359.94, -5039.14, -5231.4, -5473.09, -5340.09, -3261.75, -5049.29, -5144.64, -5442.11, -4978.57, -2722.34])
-5109.2
(22, [-5251.52, -2814.3, -5321.63, -5057.63, -5540.52, -4922.51, -5206.72, -5435.91, -5565.01, -5349.69, -5103.65, -5133.34, -4878.19, -5474.45, -4890.95, -5071.17, -4950.56, -4864.4, -4694.26, -5321.41, -4909.83, -5477.03])
-5056.12
(29, [-2783.76, -5258.43, -5137.57, -5185.55, -4992.74, -5471.76, -5008.62, -5341.14, -5100.62, -3977.38, -5213.62, -5321.6, -5024.71, -4924.19, -5660.75, -5205.54, -5021.24, -5411.36, -5427.95, -5054.48, -4981.16, -5243.33, -5013.92, -4777.01, -5443.67, -5514.02, -4378.05, -6001.86, -4975.82])
-5063.86
(16, [-5884.26, -3231.93, -5282.06, -5258.43, -5364.27, -5165.36, -4952.24, -4856.41, -5057.63, -5163.43, -5337.99, -4702.85, -5371.17, -4924.7, -4802.5, -5329.08])
-5042.77
(9, [-3946.84, -5705.28, -5074.99, -4813.18, -5045.8, -5526.47, -4767.87, -4990.96, -5399.83])
-5030.14
(40, [-2942.95, -5248.8, -5200.06, -5095.39, -3218.6, -5506.25, -5245.27, -5775.03, -4673.94, -4939.34, -5456.98, -4856.96, -5212.89, -5701.1, -5363.16, -5520.71, -5064.21, -5834.5, -5239.14, -4977.19, -5273.35, -5063.22, -5267.07, -5130.68, -5138.61, -5339.13, -4108.1, -5559.67, -4957.18, -4751.16, -4837.5, -4925.1, -5432.33, -5235.93, -5502.78, -4882.92, -5321.05, -5788.27, -5097.29, -5350.29])
-5100.85
(19, [-3106.37, -4927.1, -4650.19, -5423.64, -5461.52, -5469.45, -5462.61, -5134.58, -5534.62, -5084.95, -4771.9, -5136.22, -4971.25, -4976.79, -5111.14, -4834.07, -5070.77, -5055.53, -5179.63])
-5019.07
(34, [-2866.63, -4990.3, -5178.9, -5786.14, -4725.12, -5400.0, -4594.06, -5219.28, -3221.82, -4986.36, -5249.05, -5410.75, -4681.28, -5293.76, -5118.88, -4357.71, -5334.75, -5482.06, -5004.42, -5073.57, -4943.77, -5321.58, -5798.93, -4694.97, -4980.31, -5283.11, -5529.92, -5036.91, -4736.36, -5309.86, -4845.34, -5888.62, -5310.43, -4877.4])
-5015.66
