(24, [-5175.92, -5317.84, -5490.15, -4735.61, -3645.93, -5238.23, -5153.33, -5126.34, -5008.82, -5020.77, -5448.1, -4807.57, -4943.44, -5171.89, -4874.15, -5697.81, -5332.43, -5884.2, -5471.88, -4796.08, -5854.85, -5052.12, -5619.75, -5251.97])
-5171.63
(31, [-5389.15, -5460.13, -5204.26, -4885.94, -4972.43, -5069.92, -5313.38, -5599.39, -5356.16, -5535.48, -4625.05, -5414.27, -4862.5, -5404.47, -4976.69, -5382.29, -5062.91, -5593.01, -5224.61, -5268.08, -4664.94, -5205.25, -4768.64, -5182.31, -4631.96, -5463.04, -5512.84, -5102.47, -5331.14, -5576.92, -5355.26])
-5206.29
(35, [-5567.75, -4946.45, -5231.21, -5136.49, -4764.88, -5423.53, -4786.07, -5302.77, -5182.08, -5097.69, -4810.6, -5214.22, -5403.63, -5496.13, -5285.25, -5080.31, -5092.47, -5066.35, -4912.98, -5115.33, -5225.85, -5267.01, -5149.75, -5021.65, -5139.02, -5333.48, -5287.85, -4933.7, -4968.35, -5004.47, -5805.63, -5403.33, -5085.38, -4668.99, -5139.61])
-5152.86
(37, [-4785.09, -4917.87, -5045.65, -4348.16, -5570.04, -5396.28, -4717.95, -4811.42, -5409.94, -4887.2, -5162.71, -5035.3, -4829.37, -5336.59, -5193.96, -5315.86, -5249.48, -4952.23, -5126.11, -5428.62, -5165.42, -5600.73, -5650.16, -5327.18, -5205.55, -5485.92, -5241.43, -5017.25, -5267.0, -5331.63, -5258.89, -5599.09, -5209.71, -5092.95, -5317.83, -5216.52, -5385.35])
-5186.28
(30, [-4780.19, -5482.24, -5334.75, -4606.0, -4946.58, -5148.67, -4906.94, -5088.39, -5049.67, -5674.48, -5129.99, -5540.36, -4856.18, -4913.13, -5064.58, -5353.16, -5036.82, -5413.78, -4847.29, -5017.38, -5393.84, -4850.39, -5160.0, -4745.71, -5153.44, -5429.54, -5211.54, -5218.06, -5332.81, -5284.17])
-5132.34
(25, [-5887.49, -5032.23, -4821.44, -5789.93, -5378.45, -4924.48, -4643.14, -5202.71, -4292.56, -5051.79, -5134.18, -5282.94, -5271.29, -5444.27, -5427.9, -5269.11, -5167.01, -5020.44, -4936.28, -5318.87, -5646.27, -5106.4, -5303.77, -4988.62, -4535.97])
-5155.1
(34, [-5415.58, -5307.55, -5529.72, -5192.54, -5051.4, -5150.2, -5500.26, -5086.61, -4910.2, -4845.36, -5350.87, -4813.64, -5010.62, -5031.94, -5647.04, -4768.18, -5701.09, -5221.12, -5260.39, -5277.28, -5656.58, -5659.61, -4946.22, -5411.78, -5331.51, -5351.58, -5611.59, -5494.14, -5268.73, -5385.25, -5329.23, -4821.34, -5444.21, -5092.68])
-5261.06
(40, [-5248.8, -5713.6, -5363.2, -4982.13, -5095.31, -4852.6, -5019.6, -5094.61, -4732.71, -4657.06, -5337.93, -5387.18, -5602.55, -5288.81, -4823.98, -5032.18, -5205.93, -5068.57, -5083.0, -4702.49, -4953.2, -4736.85, -5099.93, -5072.57, -5307.51, -5503.12, -5158.35, -5396.59, -5176.45, -5025.02, -5417.28, -5478.89, -5075.49, -5781.67, -5479.1, -5047.27, -5139.02, -4916.34, -5407.25, -5343.6])
-5170.20
(13, [-5106.81, -4646.08, -5134.1, -5294.84, -4581.19, -5265.62, -5096.47, -5358.78, -5341.86, -5158.72, -5643.95, -5292.86, -5688.62])
-5200.76
(16, [-4932.95, -5419.05, -5391.99, -5681.55, -5145.33, -4738.75, -3977.07, -5865.67, -5444.68, -5470.37, -5209.5, -5152.03, -4514.73, -5177.71, -4984.45, -5116.68])
-5138.91
(22, [-5377.76, -4942.83, -5218.82, -5173.95, -5351.64, -5218.48, -5465.62, -5640.16, -4410.55, -5202.41, -5014.23, -5248.73, -4890.99, -4901.04, -5291.79, -5615.76, -4956.07, -5049.55, -4875.16, -5262.64, -5258.05, -4800.23])
-5143.93
(10, [-4939.87, -5382.46, -5473.7, -5561.23, -4011.94, -5261.94, -5915.65, -4976.43, -4695.52, -5216.99])
-5143.57
(19, [-4730.77, -4870.63, -5103.91, -5337.3, -5115.42, -5350.55, -4917.96, -5402.54, -5473.99, -5094.46, -5600.43, -5392.26, -5053.06, -5251.63, -5285.09, -4734.26, -4943.55, -5223.52, -5178.51])
-5161.04
(50, [-3223.31, -5258.9, -5141.43, -4763.09, -4776.03, -5083.78, -5015.57, -5717.14, -4635.36, -4827.78, -5518.9, -5156.08, -4959.33, -4864.5, -5455.21, -5205.79, -4997.62, -4717.99, -5556.62, -4941.04, -5155.9, -5394.78, -5210.97, -5366.24, -5344.59, -5226.96, -5211.54, -5048.9, -5987.33, -5286.53, -4821.72, -4929.14, -5347.49, -5138.79, -5704.77, -5146.52, -5472.43, -5470.55, -5400.39, -5404.42, -5840.79, -5338.0, -5738.62, -4953.4, -5025.86, -5306.89, -4831.59, -5245.87, -5264.42, -5639.36])
-5181.41
(47, [-5031.01, -5188.24, -4846.5, -5055.22, -5099.23, -5085.59, -5353.78, -5545.09, -5276.91, -5456.59, -4926.36, -4705.97, -5004.65, -5640.15, -5421.15, -3494.56, -5200.23, -4869.17, -5308.5, -5623.67, -5711.88, -5274.85, -5340.75, -5474.73, -5074.32, -4951.93, -5466.36, -4954.69, -4915.31, -5436.49, -5071.73, -5381.63, -5154.07, -4717.15, -5360.85, -5586.77, -5515.61, -5305.12, -5217.76, -5171.77, -4931.76, -5359.3, -5100.65, -5388.55, -4976.48, -4596.68, -5231.78])
-5165.99
(44, [-5050.14, -5244.66, -5092.85, -5441.97, -4792.06, -4919.13, -4634.25, -5060.67, -5416.71, -5197.59, -5063.56, -5075.14, -5200.09, -4768.74, -5314.29, -5161.05, -5441.74, -4875.53, -5145.77, -3962.2, -5518.05, -5194.09, -5428.36, -5095.77, -5132.12, -5318.98, -5107.13, -4855.67, -4906.39, -5212.61, -5561.99, -5876.62, -5183.28, -4923.45, -5238.93, -5441.0, -5085.95, -5296.92, -4944.08, -5672.03, -5564.27, -5292.04, -5282.56, -5168.51])
-5162.71
(41, [-5733.99, -5292.01, -4950.44, -5271.14, -4884.42, -5185.77, -5540.6, -5130.41, -4695.34, -5527.26, -5211.33, -5391.98, -5606.51, -5264.57, -5437.6, -5336.14, -5091.72, -4816.19, -5075.19, -5413.39, -5113.71, -5240.3, -5612.97, -5382.03, -4619.45, -4863.22, -4925.58, -5257.87, -5473.68, -5343.33, -4588.99, -4950.42, -5222.73, -5377.65, -5108.69, -5121.32, -5747.33, -4882.83, -5087.36, -5272.95, -4225.95])
-5177.42
(29, [-4882.28, -5315.8, -5199.06, -5571.07, -5118.8, -5130.74, -4945.47, -5251.19, -5326.82, -5115.9, -5594.18, -5645.26, -4796.69, -4971.08, -5264.89, -5277.98, -5595.79, -5338.14, -5119.14, -5717.23, -5222.45, -5149.88, -4896.58, -5431.16, -5751.42, -4912.23, -5409.7, -5137.07, -4798.93])
-5237.48
