(13, [-5407.01, -5183.34, -5056.22, -5410.78, -5541.97, -5460.91, -4950.82, -4871.27, -5280.24, -4467.64, -5259.91, -5218.64, -4986.48])
-5161.18
(25, [-4664.83, -5136.45, -5495.44, -5196.48, -5543.48, -5097.38, -5749.34, -5099.13, -5375.14, -5569.82, -5058.89, -4911.88, -5569.64, -5137.91, -5002.48, -4650.68, -5198.93, -5057.59, -5351.89, -5190.63, -4723.86, -5128.6, -5055.17, -5051.39, -4788.43])
-5152.22
(50, [-5682.85, -3326.24, -4828.0, -5323.24, -5272.56, -4998.97, -5681.42, -5032.7, -4725.76, -5272.8, -5403.97, -5192.42, -5144.44, -5761.87, -4733.6, -5206.01, -5851.95, -5595.05, -5447.35, -5415.36, -5293.81, -5196.42, -4827.83, -5110.07, -5414.47, -5746.55, -5153.17, -5295.89, -5708.58, -4370.34, -4732.89, -5517.78, -5312.37, -5286.3, -5161.49, -5199.96, -5244.6, -4938.57, -5140.87, -5251.45, -5373.66, -5336.08, -4949.42, -5488.33, -4864.26, -4841.97, -4761.74, -4888.86, -5003.07, -5920.12])
-5184.55
(47, [-5370.57, -5398.76, -4967.88, -5387.5, -5419.9, -4769.74, -5118.28, -5719.45, -5209.1, -5092.43, -4897.13, -5452.27, -5100.11, -4754.15, -5126.51, -5352.33, -5113.82, -4662.8, -5536.18, -5208.22, -5404.48, -5685.31, -5290.18, -5321.38, -5079.2, -4674.76, -4878.77, -5381.4, -4951.98, -4928.65, -4874.74, -5141.14, -5159.07, -4951.85, -4989.15, -5025.56, -5008.96, -5486.96, -5018.25, -5081.08, -3810.86, -5238.6, -6102.19, -5269.91, -5022.37, -5669.49, -5149.03])
-5154.31
(31, [-4823.19, -5347.82, -5179.65, -5412.76, -5495.97, -4215.94, -5029.78, -5199.35, -5192.52, -5389.53, -4810.87, -5152.99, -4958.12, -4754.67, -4734.9, -5062.1, -5386.91, -5046.85, -5207.66, -5616.71, -5260.11, -5300.21, -5320.11, -5188.65, -5276.08, -4804.61, -5454.68, -5266.91, -4980.77, -5605.85, -5296.58])
-5153.96
(43, [-4700.92, -4697.15, -5208.67, -5137.43, -5158.26, -5043.42, -4860.34, -5007.98, -5453.11, -4781.75, -5137.11, -5467.44, -5048.78, -5168.8, -5349.52, -5248.69, -5181.21, -5307.17, -5395.58, -5109.07, -5204.53, -5156.55, -3654.47, -5365.38, -5221.61, -3968.86, -5658.36, -5163.13, -5341.09, -4972.04, -4974.0, -5576.08, -5408.05, -5043.08, -5281.27, -4936.13, -5027.63, -5230.66, -5243.77, -5551.15, -5375.47, -5035.57, -5008.7])
-5113.02
(49, [-4798.74, -3928.78, -5210.97, -5082.32, -5286.07, -5134.9, -5272.59, -4998.12, -5135.34, -5181.1, -4880.94, -5093.69, -4713.49, -4940.93, -5493.0, -5011.32, -5687.73, -4941.31, -5242.5, -4700.67, -5116.78, -5218.47, -4903.27, -4771.21, -4923.72, -5441.24, -5608.79, -5308.44, -5070.5, -5178.11, -5032.95, -5292.27, -5380.45, -4989.8, -5251.72, -5123.58, -4990.7, -5432.3, -5474.4, -5141.33, -5089.71, -5095.87, -5289.63, -5217.37, -5431.51, -5370.86, -5506.93, -5140.31, -5170.4])
-5136.68
(28, [-5586.91, -5341.0, -5052.77, -5406.72, -5515.17, -5271.77, -5178.9, -3786.82, -5130.44, -4945.09, -5080.92, -5031.01, -5392.01, -5446.24, -5214.05, -4894.27, -5595.98, -4635.67, -5261.7, -5329.16, -5413.75, -5207.11, -5345.06, -5612.68, -5294.31, -4911.94, -4930.63, -5082.49])
-5174.81
(16, [-5269.9, -5266.8, -4869.16, -5482.98, -5244.33, -5665.14, -5180.64, -5836.97, -5151.94, -5328.71, -4920.66, -5496.37, -4806.55, -5393.37, -5109.21, -5864.86])
-5305.48
(22, [-5423.65, -4997.78, -5142.53, -5357.33, -4808.53, -5672.41, -5139.86, -5288.1, -5169.92, -4864.19, -5425.84, -5275.62, -5562.4, -4947.36, -5236.58, -5235.47, -5244.67, -5255.58, -5563.34, -5092.77, -5121.12, -5168.41])
-5226.98
(37, [-5107.88, -5027.89, -4752.06, -5302.98, -5028.06, -5430.97, -5519.75, -4927.67, -5354.2, -5407.58, -4900.91, -5616.42, -4798.84, -5359.33, -5096.61, -4938.59, -4824.35, -5340.4, -4969.29, -5357.21, -4827.96, -5452.52, -5559.6, -5605.7, -5254.7, -5324.14, -5186.51, -5241.08, -4966.84, -5057.66, -5354.66, -5429.94, -5498.85, -4973.1, -5131.32, -4518.73, -5586.02])
-5190
(44, [-5671.61, -4929.63, -5656.89, -5316.75, -4941.95, -5283.76, -4861.81, -5442.17, -5364.53, -5312.78, -5327.98, -4805.94, -5366.7, -5049.52, -5392.87, -4954.07, -4717.1, -5316.39, -5014.64, -4940.77, -5401.76, -5069.91, -5043.13, -5466.24, -4880.44, -5257.36, -4579.96, -5502.9, -5143.26, -5369.68, -5112.52, -5033.7, -5451.81, -5305.1, -5279.62, -5656.76, -5123.69, -5214.45, -5015.75, -5107.75, -5245.33, -4731.47, -4822.93, -5771.65])
-5187.61
(46, [-5259.25, -5777.5, -4755.22, -4914.31, -5113.24, -5681.52, -5060.04, -5635.98, -5109.43, -5136.58, -5500.51, -5186.84, -5797.9, -4644.85, -5154.17, -5412.58, -5047.88, -5571.79, -3237.53, -5217.53, -4805.76, -5491.5, -4982.29, -5311.31, -4659.87, -5121.29, -4921.78, -4936.45, -5059.96, -5182.17, -5097.83, -5254.09, -5372.17, -4816.73, -5138.75, -5267.19, -5684.66, -5019.55, -5033.86, -5093.84, -5341.79, -4666.54, -4984.03, -4972.18, -5375.47, -5149.45])
-5129.46
(10, [-4199.18, -5054.5, -5264.94, -5282.23, -4844.61, -5417.82, -5814.1, -4933.55, -4806.89, -5439.85])
-5105.77
(34, [-5162.34, -5338.86, -4796.5, -5158.92, -5198.25, -5223.43, -5328.06, -5268.58, -5450.78, -5128.51, -4452.65, -4979.53, -5109.86, -5478.14, -5342.44, -5399.2, -5503.52, -5441.97, -5419.29, -5121.94, -5160.05, -5073.95, -5938.48, -5572.14, -4971.42, -4843.56, -5006.75, -5441.43, -5176.91, -5579.08, -5250.5, -4911.65, -5329.29, -5267.01])
-5230.15
(40, [-5048.4, -5308.22, -4988.96, -5495.08, -5083.39, -4882.46, -5513.82, -4714.11, -5476.42, -5222.59, -4972.97, -5507.85, -4967.22, -5287.55, -4916.16, -3726.72, -5528.89, -4853.21, -4765.94, -5025.69, -5354.28, -5455.06, -4979.12, -4860.16, -4844.08, -5398.27, -5534.83, -5364.1, -5267.48, -5426.72, -4879.73, -5288.01, -5393.65, -5210.98, -5729.73, -5159.35, -5440.3, -4826.36, -4967.45, -5210.54])
-5146.9
(41, [-5342.68, -4913.84, -5347.51, -5451.06, -5621.47, -5115.29, -5311.64, -4903.98, -5131.94, -5237.97, -5088.22, -5102.54, -5072.03, -5233.2, -5515.08, -5304.29, -4816.54, -5027.48, -5336.31, -5108.87, -4656.93, -5555.13, -5421.18, -5014.14, -5667.05, -5338.33, -5550.37, -5279.12, -4743.86, -5609.47, -5237.18, -4907.36, -4966.52, -5297.15, -4752.63, -5422.58, -5267.66, -5339.78, -5074.9, -5454.48, -5237.7])
-5214.03
(19, [-5351.03, -5291.64, -5283.39, -5218.67, -5237.58, -4820.7, -5320.08, -4899.84, -5597.73, -5027.42, -5556.63, -5592.93, -5641.82, -5044.5, -5150.6, -4955.14, -5192.0, -5373.01, -5096.2])
-5244.79
(24, [-5017.2, -5004.67, -5422.04, -5565.56, -5245.69, -5077.73, -5455.66, -5364.78, -4983.75, -5210.06, -5133.64, -5453.35, -5391.27, -5248.32, -5303.54, -4770.09, -5357.6, -4864.52, -5160.74, -5213.4, -5072.24, -4711.09, -4928.77, -5146.73])
-5170.94
(29, [-4873.94, -5318.73, -5682.73, -4934.13, -5070.42, -4998.85, -5231.12, -5132.91, -5007.21, -5083.98, -5494.23, -5439.53, -5350.3, -4969.42, -5459.64, -5228.77, -5212.98, -5230.02, -5566.17, -5033.61, -5077.8, -5054.46, -5504.39, -4832.86, -4921.99, -5163.31, -5362.77, -5115.58, -5259.24])
-5193.49
(30, [-5165.25, -4645.48, -5534.87, -5174.64, -5696.56, -5304.07, -5040.81, -5016.02, -4826.86, -5424.96, -5270.06, -5109.12, -4836.64, -4918.79, -5190.18, -4975.33, -5057.42, -5245.91, -5073.78, -5526.41, -5201.61, -5400.62, -5141.01, -5474.04, -5347.69, -4940.84, -5170.1, -5002.48, -5394.47, -5621.11])
-5190.91
(35, [-5359.48, -5381.48, -5397.76, -5355.68, -4915.49, -4884.7, -5153.77, -4974.6, -5194.86, -4924.15, -4876.77, -5662.76, -4895.53, -5248.59, -5092.61, -4710.42, -5574.06, -4995.32, -5332.6, -5076.21, -5095.35, -5796.94, -4824.35, -5236.88, -4449.67, -5715.99, -5349.03, -5645.73, -4914.63, -4959.16, -5259.31, -5037.9, -5052.72, -3410.07, -5285.28])
-5115.43
(45, [-5481.5, -4701.35, -5719.93, -5463.8, -5026.51, -5257.3, -5131.77, -5256.02, -5234.92, -5426.03, -5462.66, -5246.13, -5010.01, -5240.35, -5290.92, -5111.22, -5426.15, -5343.62, -5258.95, -5415.98, -5045.28, -5349.04, -5049.32, -5501.77, -5098.36, -5255.39, -5136.02, -5741.91, -5068.86, -5085.69, -5346.6, -5255.76, -5365.33, -4704.7, -5275.21, -5584.35, -4806.57, -5355.19, -5330.92, -5384.92, -4776.48, -5116.1, -5028.82, -4829.69, -4823.78])
-5218.25
(7, [-5315.35, -4689.56, -4587.8, -5604.49, -5660.08, -4896.51, -5117.69])
-5124.50
(8, [-5018.84, -5203.52, -5352.78, -5495.73, -5398.39, -5274.85, -5021.05, -4947.68])
-5214.11
(9, [-4766.77, -5614.1, -5332.17, -5679.37, -5324.49, -5136.38, -5115.49, -5316.72, -5020.33])
-5256.2
