(34, [-5384.99, -5849.58, -4731.01, -4857.19, -5271.26, -5323.36, -5391.17, -5204.32, -3919.37, -5405.74, -4780.18, -5093.49, -5204.43, -4953.37, -5116.35, -5196.95, -5753.03, -4779.83, -5416.12, -5081.25, -5215.52, -5131.54, -5239.87, -4760.19, -5680.59, -5078.75, -5506.01, -4784.67, -5542.67, -5534.01, -5579.64, -5486.45, -5490.07, -5075.88])
-5200.55
(31, [-5027.65, -5712.39, -3960.76, -5010.38, -5134.79, -5296.58, -5355.34, -5262.85, -5084.77, -4849.61, -5566.24, -4811.0, -5319.55, -4705.3, -5218.24, -5996.9, -5057.12, -4679.63, -5365.89, -5288.23, -5583.59, -5099.99, -5476.04, -5219.08, -5472.89, -4558.77, -5081.48, -4740.05, -5030.62, -4988.88, -4403.45])
-5108.33
(41, [-5852.52, -4968.48, -5107.6, -5328.27, -4825.65, -4780.76, -5730.25, -5502.43, -5110.97, -5468.93, -5238.23, -5083.48, -5174.73, -5304.13, -4980.15, -5412.75, -5012.94, -5398.7, -5403.14, -5354.97, -5329.05, -5344.22, -4558.76, -4992.66, -5903.08, -4776.2, -5069.43, -5336.45, -4196.9, -4920.89, -5146.83, -3886.83, -5553.58, -5335.84, -5972.91, -5034.99, -4723.54, -5611.01, -5100.59, -5503.43, -5225.82])
-5184.44
(47, [-4060.11, -5103.15, -5025.64, -5890.14, -5424.24, -5485.81, -4356.43, -5342.77, -5058.85, -5402.8, -5453.85, -3965.91, -4902.57, -5114.19, -5359.49, -5748.2, -5592.6, -5334.47, -5201.39, -5316.96, -5042.78, -5101.03, -5084.83, -5955.02, -5396.67, -5578.91, -5195.25, -5329.04, -5209.86, -5462.87, -4736.13, -5170.32, -5309.72, -5598.31, -5320.86, -5038.87, -5659.22, -5120.47, -4874.3, -5640.81, -4924.06, -5266.0, -5349.3, -4593.99, -5359.98, -5230.35, -5413.89])
-5214.94
(40, [-4011.54, -4591.22, -5187.56, -5499.34, -4700.02, -5522.27, -5035.48, -5169.48, -4826.4, -4801.72, -5231.24, -4842.82, -5219.32, -4722.43, -4696.24, -5063.21, -5237.58, -5723.29, -5368.07, -5208.65, -5356.07, -5780.28, -5429.91, -5649.66, -4998.67, -5055.9, -5601.65, -5559.67, -4850.99, -4848.77, -5744.22, -5147.68, -5147.8, -4752.23, -5556.25, -5111.6, -5487.67, -5238.78, -5373.92, -5144.93])
-5162.36
(22, [-4611.16, -3989.44, -5014.6, -5496.42, -5003.22, -4894.47, -5622.67, -5100.11, -5740.09, -5044.93, -5882.87, -5363.31, -5352.97, -4817.11, -4960.52, -5459.89, -5115.54, -4959.43, -5400.33, -4975.96, -5121.61, -4934.91])
-5130.06
(50, [-5238.13, -3916.73, -5069.93, -5041.45, -5331.14, -4845.97, -5640.22, -4915.05, -5351.33, -5382.07, -4979.48, -5139.13, -5711.82, -5022.66, -4981.16, -5181.43, -5146.89, -5008.52, -5555.4, -5407.58, -5296.56, -4811.84, -5371.71, -5194.96, -4497.52, -5604.25, -5389.51, -5678.51, -5094.32, -5141.91, -5119.64, -4493.77, -5566.01, -5565.58, -5761.44, -5396.76, -5605.82, -4858.66, -5244.86, -5417.44, -6124.38, -3958.45, -5114.85, -5266.11, -5100.34, -5175.1, -5218.67, -5427.61, -5628.22, -5227.92])
-5204.38
(37, [-4854.85, -5218.3, -5201.51, -4983.93, -5148.77, -5557.99, -4924.05, -5142.04, -5690.08, -5551.89, -4806.72, -6017.04, -5166.76, -5215.27, -3876.69, -5237.85, -3643.12, -5499.82, -4955.1, -5448.2, -4925.72, -4983.25, -4935.48, -5241.44, -5033.52, -5424.52, -5612.51, -5387.5, -5076.05, -4933.53, -5419.92, -4748.56, -5346.62, -4854.39, -5706.82, -5548.21, -4979.14])
-5143.17
(13, [-3884.36, -4963.86, -5322.74, -5356.91, -5416.24, -5461.94, -5685.57, -5577.41, -5241.9, -5613.29, -4948.01, -4918.8, -5513.92])
-5223.45
(19, [-5954.06, -5021.09, -5082.44, -5686.9, -4989.61, -5169.48, -3982.16, -5423.26, -5337.79, -5276.19, -4804.11, -5195.6, -5300.15, -5151.44, -4921.37, -4848.72, -5073.56, -4658.99, -5238.48])
-5111.34
(44, [-5707.64, -5396.52, -5360.61, -3862.55, -5347.45, -5470.13, -5216.47, -4834.13, -5018.28, -4922.09, -5597.98, -4918.52, -4938.36, -5216.9, -5103.48, -5035.08, -5129.37, -5043.87, -5159.17, -5518.5, -5267.21, -5425.23, -5351.79, -4977.07, -5024.71, -5043.15, -5221.04, -4655.43, -5331.92, -4723.95, -5297.06, -4969.15, -5910.0, -5331.58, -4530.04, -5452.38, -5190.88, -5709.57, -5364.33, -4752.95, -5571.34, -5300.24, -5316.8, -5159.14])
-5174.41
(25, [-5220.71, -5326.87, -5289.18, -4832.93, -3921.29, -5512.77, -5729.73, -5103.87, -4988.1, -5344.28, -4669.54, -5154.4, -4955.87, -4851.65, -5508.35, -5011.39, -4928.32, -5081.41, -5061.72, -5117.94, -5071.77, -4697.5, -5708.82, -5703.96, -5328.64])
-5124.84
(10, [-5394.25, -4961.75, -4817.04, -5185.9, -5610.02, -4959.52, -4894.24, -5721.95, -5280.74, -4405.79])
-5123.12
(16, [-4390.44, -5195.88, -5045.8, -5793.33, -5136.32, -4841.58, -5409.45, -5230.56, -4976.93, -5429.44, -4895.61, -4870.72, -5397.8, -4923.85, -5324.15, -4733.68])
-5099.72
(24, [-4672.29, -5567.66, -5643.48, -5005.13, -4383.7, -5507.02, -5218.6, -4787.0, -5011.13, -5014.1, -4640.64, -5307.41, -5558.45, -4861.65, -4930.73, -5070.7, -5189.12, -4985.14, -5358.17, -5526.76, -5655.82, -5234.36, -5437.64, -4797.84])
-5140.19
(29, [-5270.34, -5371.64, -4045.4, -5349.85, -4217.97, -5326.21, -5287.7, -5173.87, -5394.13, -6055.4, -4865.5, -4786.15, -4902.3, -5618.04, -4804.44, -5414.73, -5110.42, -5047.9, -5179.02, -5197.16, -5335.52, -4813.48, -4990.28, -5356.24, -5622.84, -5543.48, -4780.68, -5181.58, -5101.66])
-5142.89
(30, [-5622.65, -5739.36, -5393.52, -5000.73, -5229.52, -5146.88, -4115.48, -4983.85, -4817.1, -5107.61, -5243.05, -5272.38, -5379.5, -5561.8, -4824.0, -4722.44, -4782.49, -5229.89, -5097.05, -4915.17, -3479.34, -5810.34, -5427.13, -5542.59, -5267.73, -5219.33, -5218.16, -5594.89, -4814.8, -5053.1])
-5120.4
(35, [-5254.58, -3975.55, -5342.73, -4861.22, -4936.11, -4916.34, -4591.27, -5112.99, -5317.03, -5024.83, -4020.77, -4964.73, -4937.2, -5300.06, -4943.35, -5373.34, -5140.02, -5965.7, -4895.56, -5523.27, -5656.5, -5322.2, -5016.78, -5017.93, -5704.97, -5245.91, -5071.95, -5686.2, -4853.51, -4892.5, -5608.88, -5093.63, -4945.2, -5394.9, -5608.8])
-5129.05
